0	0.00
0.0001	0.14
0.0002	0.66
0.0003	1.33
0.0004	1.66
0.0005	1.75
0.0006	1.89
0.0007	2.18
0.0008	2.46
0.0009	2.56
0.001	2.60
0.0011	2.74
0.0012	3.41
0.0013	3.79
0.0014	3.74
0.0015	3.83
0.0016	4.16
0.0017	4.45
0.0018	4.69
0.0019	4.64
0.002	4.69
0.0021	5.35
0.0022	5.87
0.0023	5.77
0.0024	5.68
0.0025	5.54
0.0026	6.15
0.0027	6.72
0.0028	6.53
0.0029	6.44
0.003	6.91
0.0031	7.29
0.0032	7.34
0.0033	7.10
0.0034	7.15
0.0035	7.76
0.0036	8.28
0.0037	8.14
0.0038	8.09
0.0039	8.33
0.004	8.85
0.0041	8.94
0.0042	8.57
0.0043	8.85
0.0044	9.37
0.0045	9.80
0.0046	9.94
0.0047	9.65
0.0048	9.70
0.0049	10.22
0.005	10.51
0.0051	10.27
0.0052	10.46
0.0053	10.74
0.0054	11.26
0.0055	11.26
0.0056	10.98
0.0057	11.17
0.0058	11.83
0.0059	12.11
0.006	12.16
0.0061	12.02
0.0062	12.26
0.0063	12.59
0.0064	12.73
0.0065	12.64
0.0066	12.73
0.0067	13.25
0.0068	13.72
0.0069	13.53
0.007	13.49
0.0071	13.77
0.0072	14.06
0.0073	14.24
0.0074	14.01
0.0075	14.15
0.0076	14.48
0.0077	14.86
0.0078	14.76
0.0079	14.62
0.008	14.91
0.0081	15.24
0.0082	15.38
0.0083	15.33
0.0084	15.24
0.0085	15.71
0.0086	16.09
0.0087	16.00
0.0088	15.81
0.0089	15.95
0.009	16.42
0.0091	16.61
0.0092	16.52
0.0093	16.52
0.0094	16.85
0.0095	17.13
0.0096	16.99
0.0097	16.89
0.0098	17.08
0.0099	17.51
0.01	17.65
0.0101	17.56
0.0102	17.60
0.0103	17.84
0.0104	18.27
0.0105	18.17
0.0106	18.12
0.0107	18.22
0.0108	18.55
0.0109	18.79
0.011	18.69
0.0111	18.60
0.0112	18.79
0.0113	19.07
0.0114	19.17
0.0115	19.07
0.0116	19.17
0.0117	19.31
0.0118	19.59
0.0119	19.54
0.012	19.50
0.0121	19.59
0.0122	19.97
0.0123	20.11
0.0124	19.88
0.0125	19.88
0.0126	20.16
0.0127	20.25
0.0128	20.40
0.0129	20.30
0.013	20.40
0.0131	20.73
0.0132	20.77
0.0133	20.73
0.0134	20.63
0.0135	20.92
0.0136	21.06
0.0137	21.06
0.0138	20.96
0.0139	21.20
0.014	21.44
0.0141	21.48
0.0142	21.39
0.0143	21.11
0.0144	21.48
0.0145	21.82
0.0146	21.77
0.0147	21.72
0.0148	21.67
0.0149	21.82
0.015	22.05
0.0151	21.96
0.0152	21.96
0.0153	22.15
0.0154	22.43
0.0155	22.48
0.0156	22.34
0.0157	22.38
0.0158	22.34
0.0159	22.57
0.016	22.62
0.0161	22.53
0.0162	22.62
0.0163	22.76
0.0164	22.90
0.0165	22.72
0.0166	22.76
0.0167	22.95
0.0168	23.24
0.0169	23.14
0.017	23.09
0.0171	23.09
0.0172	23.19
0.0173	23.33
0.0174	23.19
0.0175	23.14
0.0176	23.52
0.0177	23.47
0.0178	23.66
0.0179	23.52
0.018	23.52
0.0181	23.76
0.0182	23.85
0.0183	23.52
0.0184	23.80
0.0185	23.85
0.0186	24.18
0.0187	24.04
0.0188	23.95
0.0189	23.85
0.019	24.09
0.0191	24.18
0.0192	24.18
0.0193	24.09
0.0194	24.37
0.0195	24.51
0.0196	24.47
0.0197	24.23
0.0198	24.28
0.0199	24.42
0.02	24.66
0.0201	24.66
0.0202	24.61
0.0203	24.51
0.0204	24.84
0.0205	24.80
0.0206	24.56
0.0207	24.80
0.0208	24.89
0.0209	25.13
0.021	24.89
0.0211	24.80
0.0212	24.94
0.0213	25.18
0.0214	25.03
0.0215	24.89
0.0216	25.13
0.0217	25.18
0.0218	25.32
0.0219	25.18
0.022	24.99
0.0221	25.13
0.0222	25.32
0.0223	25.37
0.0224	25.32
0.0225	25.32
0.0226	25.32
0.0227	25.55
0.0228	25.51
0.0229	25.37
0.023	25.37
0.0231	25.55
0.0232	25.70
0.0233	25.46
0.0234	25.55
0.0235	25.60
0.0236	25.74
0.0237	25.55
0.0238	25.46
0.0239	25.55
0.024	25.74
0.0241	25.79
0.0242	25.84
0.0243	25.74
0.0244	25.70
0.0245	25.89
0.0246	25.89
0.0247	25.84
0.0248	25.84
0.0249	26.03
0.025	26.17
0.0251	25.89
0.0252	25.93
0.0253	26.03
0.0254	26.26
0.0255	26.03
0.0256	25.89
0.0257	25.89
0.0258	26.12
0.0259	26.31
0.026	26.12
0.0261	26.12
0.0262	26.17
0.0263	26.22
0.0264	26.45
0.0265	26.17
0.0266	26.03
0.0267	26.22
0.0268	26.50
0.0269	26.26
0.027	26.17
0.0271	26.36
0.0272	26.50
0.0273	26.50
0.0274	26.31
0.0275	26.26
0.0276	26.36
0.0277	26.41
0.0278	26.50
0.0279	26.45
0.028	26.41
0.0281	26.36
0.0282	26.41
0.0283	26.45
0.0284	26.31
0.0285	26.31
0.0286	26.64
0.0287	26.55
0.0288	26.41
0.0289	26.31
0.029	26.41
0.0291	26.50
0.0292	26.50
0.0293	26.31
0.0294	26.55
0.0295	26.64
0.0296	26.41
0.0297	26.41
0.0298	26.36
0.0299	26.50
0.03	26.41
0.0301	26.60
0.0302	26.26
0.0303	26.50
0.0304	26.50
0.0305	26.50
0.0306	26.45
0.0307	26.41
0.0308	26.45
0.0309	26.64
0.031	26.55
0.0311	26.45
0.0312	26.55
0.0313	26.50
0.0314	26.55
0.0315	26.50
0.0316	26.41
0.0317	26.55
0.0318	26.60
0.0319	26.64
0.032	26.45
0.0321	26.31
0.0322	26.45
0.0323	26.36
0.0324	26.41
0.0325	26.41
0.0326	26.36
0.0327	26.60
0.0328	26.45
0.0329	26.45
0.033	26.41
0.0331	26.36
0.0332	26.45
0.0333	26.60
0.0334	26.41
0.0335	26.50
0.0336	26.55
0.0337	26.55
0.0338	26.36
0.0339	26.31
0.034	26.41
0.0341	26.60
0.0342	26.50
0.0343	26.50
0.0344	26.41
0.0345	26.36
0.0346	26.31
0.0347	26.50
0.0348	26.26
0.0349	26.50
0.035	26.60
0.0351	26.45
0.0352	26.36
0.0353	26.31
0.0354	26.36
0.0355	26.50
0.0356	26.41
0.0357	26.12
0.0358	26.31
0.0359	26.31
0.036	26.36
0.0361	26.17
0.0362	26.12
0.0363	26.31
0.0364	26.22
0.0365	26.31
0.0366	26.08
0.0367	26.03
0.0368	26.22
0.0369	26.12
0.037	26.03
0.0371	25.93
0.0372	26.17
0.0373	26.12
0.0374	26.08
0.0375	25.98
0.0376	26.03
0.0377	26.03
0.0378	26.12
0.0379	26.03
0.038	25.89
0.0381	26.12
0.0382	25.93
0.0383	25.98
0.0384	25.79
0.0385	25.74
0.0386	25.98
0.0387	25.74
0.0388	25.74
0.0389	25.84
0.039	25.89
0.0391	25.79
0.0392	25.79
0.0393	25.60
0.0394	25.55
0.0395	25.74
0.0396	25.65
0.0397	25.60
0.0398	25.51
0.0399	25.51
0.04	25.46
0.0401	25.51
0.0402	25.55
0.0403	25.51
0.0404	25.51
0.0405	25.51
0.0406	25.41
0.0407	25.41
0.0408	25.37
0.0409	25.51
0.041	25.41
0.0411	25.37
0.0412	25.18
0.0413	25.41
0.0414	25.37
0.0415	25.18
0.0416	25.22
0.0417	25.18
0.0418	25.22
0.0419	25.18
0.042	25.13
0.0421	25.13
0.0422	25.13
0.0423	25.03
0.0424	25.03
0.0425	24.99
0.0426	24.94
0.0427	24.99
0.0428	24.99
0.0429	24.89
0.043	24.80
0.0431	24.80
0.0432	24.66
0.0433	24.70
0.0434	24.80
0.0435	24.75
0.0436	24.66
0.0437	24.70
0.0438	24.66
0.0439	24.42
0.044	24.51
0.0441	24.47
0.0442	24.56
0.0443	24.51
0.0444	24.47
0.0445	24.51
0.0446	24.28
0.0447	24.32
0.0448	24.23
0.0449	24.18
0.045	24.23
0.0451	24.23
0.0452	24.23
0.0453	24.09
0.0454	24.04
0.0455	24.09
0.0456	23.95
0.0457	24.04
0.0458	24.04
0.0459	24.04
0.046	24.04
0.0461	24.04
0.0462	24.04
0.0463	23.76
0.0464	23.90
0.0465	23.90
0.0466	23.85
0.0467	23.80
0.0468	23.85
0.0469	23.80
0.047	23.71
0.0471	23.57
0.0472	23.66
0.0473	23.66
0.0474	23.61
0.0475	23.47
0.0476	23.47
0.0477	23.47
0.0478	23.47
0.0479	23.47
0.048	23.38
0.0481	23.24
0.0482	23.38
0.0483	23.28
0.0484	23.33
0.0485	23.24
0.0486	23.24
0.0487	23.19
0.0488	23.14
0.0489	23.19
0.049	23.09
0.0491	23.09
0.0492	23.05
0.0493	23.05
0.0494	23.00
0.0495	23.00
0.0496	23.05
0.0497	23.00
0.0498	22.81
0.0499	22.90
0.05	22.90
0.0501	22.86
0.0502	22.72
0.0503	22.76
0.0504	22.72
0.0505	22.81
0.0506	22.72
0.0507	22.72
0.0508	22.76
0.0509	22.72
0.051	22.62
0.0511	22.62
0.0512	22.62
0.0513	22.62
0.0514	22.62
0.0515	22.57
0.0516	22.57
0.0517	22.48
0.0518	22.53
0.0519	22.43
0.052	22.43
0.0521	22.38
0.0522	22.34
0.0523	22.34
0.0524	22.34
0.0525	22.29
0.0526	22.34
0.0527	22.34
0.0528	22.19
0.0529	22.24
0.053	22.29
0.0531	22.15
0.0532	22.34
0.0533	21.96
0.0534	22.05
0.0535	22.10
0.0536	22.19
0.0537	22.15
0.0538	22.05
0.0539	22.01
0.054	22.10
0.0541	21.86
0.0542	21.96
0.0543	21.96
0.0544	21.91
0.0545	21.86
0.0546	21.82
0.0547	21.77
0.0548	21.86
0.0549	21.82
0.055	21.77
0.0551	21.77
0.0552	21.67
0.0553	21.72
0.0554	21.67
0.0555	21.63
0.0556	21.72
0.0557	21.63
0.0558	21.39
0.0559	21.63
0.056	21.58
0.0561	21.72
0.0562	21.53
0.0563	21.53
0.0564	21.39
0.0565	21.48
0.0566	21.34
0.0567	21.48
0.0568	21.34
0.0569	21.39
0.057	21.44
0.0571	21.25
0.0572	21.25
0.0573	21.06
0.0574	21.30
0.0575	21.34
0.0576	21.30
0.0577	21.11
0.0578	21.20
0.0579	21.15
0.058	21.20
0.0581	21.11
0.0582	21.06
0.0583	21.15
0.0584	21.01
0.0585	21.06
0.0586	20.92
0.0587	21.06
0.0588	20.82
0.0589	20.77
0.059	20.96
0.0591	20.82
0.0592	20.92
0.0593	20.73
0.0594	20.68
0.0595	20.73
0.0596	20.77
0.0597	20.73
0.0598	20.73
0.0599	20.63
0.06	20.68
0.0601	20.77
0.0602	20.63
0.0603	20.68
0.0604	20.54
0.0605	20.54
0.0606	20.49
0.0607	20.30
0.0608	20.49
0.0609	20.49
0.061	20.54
0.0611	20.44
0.0612	20.30
0.0613	20.35
0.0614	20.40
0.0615	20.35
0.0616	20.44
0.0617	20.35
0.0618	20.16
0.0619	20.40
0.062	20.30
0.0621	20.16
0.0622	20.30
0.0623	20.25
0.0624	20.16
0.0625	20.21
0.0626	20.11
0.0627	20.16
0.0628	20.11
0.0629	20.16
0.063	20.07
0.0631	20.07
0.0632	20.11
0.0633	19.97
0.0634	19.88
0.0635	19.88
0.0636	19.78
0.0637	20.02
0.0638	19.88
0.0639	19.88
0.064	19.69
0.0641	19.78
0.0642	19.64
0.0643	19.78
0.0644	19.69
0.0645	19.69
0.0646	19.69
0.0647	19.69
0.0648	19.54
0.0649	19.50
0.065	19.45
0.0651	19.45
0.0652	19.54
0.0653	19.31
0.0654	19.31
0.0655	19.12
0.0656	19.21
0.0657	19.21
0.0658	19.31
0.0659	19.17
0.066	19.31
0.0661	19.17
0.0662	19.07
0.0663	19.07
0.0664	19.07
0.0665	19.02
0.0666	19.02
0.0667	19.02
0.0668	18.79
0.0669	18.93
0.067	18.93
0.0671	18.88
0.0672	18.83
0.0673	18.74
0.0674	18.74
0.0675	18.65
0.0676	18.60
0.0677	18.60
0.0678	18.55
0.0679	18.65
0.068	18.41
0.0681	18.46
0.0682	18.41
0.0683	18.55
0.0684	18.46
0.0685	18.31
0.0686	18.36
0.0687	18.08
0.0688	18.36
0.0689	18.17
0.069	18.17
0.0691	18.22
0.0692	18.08
0.0693	18.12
0.0694	18.03
0.0695	18.12
0.0696	17.94
0.0697	17.89
0.0698	17.89
0.0699	17.94
0.07	17.79
0.0701	17.79
0.0702	17.75
0.0703	17.84
0.0704	17.70
0.0705	17.60
0.0706	17.56
0.0707	17.51
0.0708	17.56
0.0709	17.51
0.071	17.41
0.0711	17.41
0.0712	17.56
0.0713	17.41
0.0714	17.37
0.0715	17.46
0.0716	17.41
0.0717	17.37
0.0718	17.32
0.0719	17.32
0.072	17.27
0.0721	17.18
0.0722	17.18
0.0723	17.32
0.0724	17.23
0.0725	17.18
0.0726	17.08
0.0727	17.13
0.0728	17.08
0.0729	16.94
0.073	17.13
0.0731	17.08
0.0732	17.13
0.0733	17.04
0.0734	16.89
0.0735	16.89
0.0736	16.94
0.0737	16.80
0.0738	16.89
0.0739	16.80
0.074	16.85
0.0741	16.85
0.0742	16.89
0.0743	16.85
0.0744	16.71
0.0745	16.71
0.0746	16.71
0.0747	16.66
0.0748	16.71
0.0749	16.80
0.075	16.61
0.0751	16.71
0.0752	16.75
0.0753	16.56
0.0754	16.80
0.0755	16.66
0.0756	16.61
0.0757	16.66
0.0758	16.66
0.0759	16.47
0.076	16.56
0.0761	16.56
0.0762	16.56
0.0763	16.52
0.0764	16.56
0.0765	16.56
0.0766	16.42
0.0767	16.52
0.0768	16.47
0.0769	16.47
0.077	16.37
0.0771	16.37
0.0772	16.47
0.0773	16.42
0.0774	16.33
0.0775	16.47
0.0776	16.42
0.0777	16.47
0.0778	16.33
0.0779	16.23
0.078	16.42
0.0781	16.42
0.0782	16.37
0.0783	16.23
0.0784	16.14
0.0785	16.33
0.0786	16.33
0.0787	16.23
0.0788	16.28
0.0789	16.23
0.079	16.28
0.0791	16.28
0.0792	16.33
0.0793	16.18
0.0794	16.28
0.0795	16.23
0.0796	16.33
0.0797	16.14
0.0798	16.47
0.0799	16.28
0.08	16.14
0.0801	16.18
0.0802	16.28
0.0803	16.23
0.0804	16.09
0.0805	16.23
0.0806	16.09
0.0807	16.33
0.0808	16.28
0.0809	16.23
0.081	16.14
0.0811	16.28
0.0812	16.28
0.0813	16.18
0.0814	16.18
0.0815	16.23
0.0816	16.18
0.0817	16.18
0.0818	16.37
0.0819	16.28
0.082	16.18
0.0821	16.28
0.0822	16.33
0.0823	16.28
0.0824	16.28
0.0825	16.28
0.0826	16.37
0.0827	16.14
0.0828	16.09
0.0829	16.14
0.083	16.14
0.0831	16.18
0.0832	16.28
0.0833	16.04
0.0834	16.23
0.0835	16.18
0.0836	16.18
0.0837	16.23
0.0838	16.18
0.0839	16.18
0.084	16.28
0.0841	16.18
0.0842	16.28
0.0843	16.33
0.0844	16.18
0.0845	16.14
0.0846	16.18
0.0847	16.18
0.0848	16.14
0.0849	16.14
0.085	16.18
0.0851	16.14
0.0852	16.14
0.0853	16.14
0.0854	16.14
0.0855	16.09
0.0856	16.09
0.0857	16.23
0.0858	16.18
0.0859	16.04
0.086	16.18
0.0861	16.09
0.0862	16.23
0.0863	16.23
0.0864	16.23
0.0865	16.18
0.0866	16.14
0.0867	16.23
0.0868	16.23
0.0869	16.09
0.087	16.04
0.0871	16.14
0.0872	16.09
0.0873	16.23
0.0874	16.23
0.0875	16.09
0.0876	16.09
0.0877	16.09
0.0878	16.14
0.0879	16.04
0.088	16.23
0.0881	16.23
0.0882	16.14
0.0883	16.18
0.0884	16.14
0.0885	16.04
0.0886	15.95
0.0887	16.14
0.0888	16.23
0.0889	16.00
0.089	16.00
0.0891	16.09
0.0892	16.09
0.0893	16.09
0.0894	16.04
0.0895	16.09
0.0896	16.09
0.0897	16.14
0.0898	16.14
0.0899	16.14
0.09	16.18
0.0901	16.14
0.0902	16.09
0.0903	16.09
0.0904	16.18
0.0905	16.09
0.0906	16.14
0.0907	16.14
0.0908	16.14
0.0909	15.95
0.091	16.09
0.0911	16.09
0.0912	16.14
0.0913	16.14
0.0914	16.14
0.0915	15.95
0.0916	16.23
0.0917	16.09
0.0918	16.18
0.0919	16.14
0.092	16.18
0.0921	16.00
0.0922	16.09
0.0923	16.09
0.0924	16.09
0.0925	16.14
0.0926	16.09
0.0927	16.00
0.0928	16.14
0.0929	16.09
0.093	16.14
0.0931	16.14
0.0932	16.28
0.0933	16.23
0.0934	16.28
0.0935	16.37
0.0936	16.23
0.0937	16.18
0.0938	16.23
0.0939	16.23
0.094	16.28
0.0941	16.23
0.0942	16.18
0.0943	16.28
0.0944	16.14
0.0945	16.18
0.0946	16.09
0.0947	16.18
0.0948	16.18
0.0949	16.18
0.095	16.23
0.0951	16.18
0.0952	16.28
0.0953	16.18
0.0954	16.23
0.0955	16.28
0.0956	16.37
0.0957	16.23
0.0958	16.28
0.0959	16.14
0.096	16.28
0.0961	16.28
0.0962	16.28
0.0963	16.18
0.0964	16.09
0.0965	16.09
0.0966	16.28
0.0967	16.18
0.0968	16.23
0.0969	16.18
0.097	16.18
0.0971	16.14
0.0972	16.23
0.0973	16.14
0.0974	16.18
0.0975	16.14
0.0976	16.23
0.0977	16.23
0.0978	16.18
0.0979	16.28
0.098	16.18
0.0981	16.18
0.0982	16.28
0.0983	16.23
0.0984	16.18
0.0985	16.28
0.0986	16.28
0.0987	16.28
0.0988	16.23
0.0989	16.28
0.099	16.28
0.0991	16.33
0.0992	16.14
0.0993	16.28
0.0994	16.18
0.0995	16.28
0.0996	16.33
0.0997	16.28
0.0998	16.18
0.0999	16.28
0.1	16.28
0.1001	16.18
0.1002	16.18
0.1003	16.18
0.1004	16.33
0.1005	16.23
0.1006	16.04
0.1007	16.18
0.1008	16.28
0.1009	16.23
0.101	16.23
0.1011	16.18
0.1012	16.33
0.1013	16.28
0.1014	16.33
0.1015	16.33
0.1016	16.42
0.1017	16.33
0.1018	16.23
0.1019	16.18
0.102	16.23
0.1021	16.23
0.1022	16.23
0.1023	16.28
0.1024	16.28
0.1025	16.28
0.1026	16.23
0.1027	16.33
0.1028	16.33
0.1029	16.23
0.103	16.28
0.1031	16.23
0.1032	16.28
0.1033	16.23
0.1034	16.23
0.1035	16.33
0.1036	16.28
0.1037	16.42
0.1038	16.28
0.1039	16.33
0.104	16.28
0.1041	16.33
0.1042	16.28
0.1043	16.14
0.1044	16.33
0.1045	16.33
0.1046	16.33
0.1047	16.33
0.1048	16.23
0.1049	16.33
0.105	16.33
0.1051	16.18
0.1052	16.09
0.1053	16.28
0.1054	16.33
0.1055	16.09
0.1056	16.28
0.1057	16.28
0.1058	16.28
0.1059	16.23
0.106	16.18
0.1061	16.23
0.1062	16.33
0.1063	16.18
0.1064	16.23
0.1065	16.33
0.1066	16.18
0.1067	16.28
0.1068	16.18
0.1069	16.33
0.107	16.28
0.1071	16.33
0.1072	16.33
0.1073	16.18
0.1074	16.28
0.1075	16.28
0.1076	16.28
0.1077	16.23
0.1078	16.33
0.1079	16.18
0.108	16.18
0.1081	16.18
0.1082	16.18
0.1083	16.37
0.1084	16.23
0.1085	16.14
0.1086	16.18
0.1087	16.18
0.1088	16.18
0.1089	16.14
0.109	16.18
0.1091	16.18
0.1092	16.33
0.1093	16.23
0.1094	16.18
0.1095	16.18
0.1096	16.18
0.1097	16.18
0.1098	16.23
0.1099	16.00
0.11	16.33
0.1101	16.18
0.1102	16.09
0.1103	16.14
0.1104	16.14
0.1105	16.14
0.1106	16.23
0.1107	16.23
0.1108	16.18
0.1109	16.14
0.111	16.28
0.1111	16.28
0.1112	16.23
0.1113	16.23
0.1114	16.18
0.1115	16.23
0.1116	16.14
0.1117	16.09
0.1118	16.18
0.1119	16.33
0.112	16.09
0.1121	16.18
0.1122	16.14
0.1123	16.14
0.1124	16.23
0.1125	16.23
0.1126	16.18
0.1127	16.28
0.1128	16.33
0.1129	16.18
0.113	16.28
0.1131	16.18
0.1132	16.18
0.1133	16.23
0.1134	16.23
0.1135	16.18
0.1136	16.33
0.1137	16.14
0.1138	16.28
0.1139	16.28
0.114	16.28
0.1141	16.37
0.1142	16.18
0.1143	16.18
0.1144	16.18
0.1145	16.23
0.1146	16.28
0.1147	16.23
0.1148	16.18
0.1149	16.28
0.115	16.23
0.1151	16.28
0.1152	16.28
0.1153	16.37
0.1154	16.28
0.1155	16.33
0.1156	16.33
0.1157	16.28
0.1158	16.28
0.1159	16.18
0.116	16.14
0.1161	16.28
0.1162	16.28
0.1163	16.28
0.1164	16.23
0.1165	16.23
0.1166	16.33
0.1167	16.18
0.1168	16.18
0.1169	16.37
0.117	16.23
0.1171	16.14
0.1172	16.23
0.1173	16.28
0.1174	16.33
0.1175	16.18
0.1176	16.18
0.1177	16.14
0.1178	16.28
0.1179	16.33
0.118	16.28
0.1181	16.33
0.1182	16.33
0.1183	16.18
0.1184	16.14
0.1185	16.33
0.1186	16.28
0.1187	16.23
0.1188	16.28
0.1189	16.18
0.119	16.23
0.1191	16.23
0.1192	16.23
0.1193	16.23
0.1194	16.37
0.1195	16.28
0.1196	16.42
0.1197	16.28
0.1198	16.28
0.1199	16.28
0.12	16.28
0.1201	16.09
0.1202	16.14
0.1203	16.23
0.1204	16.28
0.1205	16.28
0.1206	16.23
0.1207	16.23
0.1208	16.18
0.1209	16.28
0.121	16.18
0.1211	16.33
0.1212	16.33
0.1213	16.23
0.1214	16.33
0.1215	16.18
0.1216	16.18
0.1217	16.14
0.1218	16.28
0.1219	16.28
0.122	16.37
0.1221	16.28
0.1222	16.42
0.1223	16.28
0.1224	16.23
0.1225	16.33
0.1226	16.28
0.1227	16.23
0.1228	16.28
0.1229	16.23
0.123	16.33
0.1231	16.23
0.1232	16.33
0.1233	16.37
0.1234	16.33
0.1235	16.28
0.1236	16.37
0.1237	16.23
0.1238	16.28
0.1239	16.23
0.124	16.28
0.1241	16.14
0.1242	16.18
0.1243	16.23
0.1244	16.18
0.1245	16.23
0.1246	16.23
0.1247	16.28
0.1248	16.33
0.1249	16.28
0.125	16.23
0.1251	16.28
0.1252	16.23
0.1253	16.18
0.1254	16.18
0.1255	16.18
0.1256	16.23
0.1257	16.28
0.1258	16.23
0.1259	16.18
0.126	16.33
0.1261	16.14
0.1262	16.14
0.1263	16.18
0.1264	16.28
0.1265	16.18
0.1266	16.23
0.1267	16.14
0.1268	16.18
0.1269	16.23
0.127	16.18
0.1271	16.23
0.1272	16.28
0.1273	16.23
0.1274	16.28
0.1275	16.18
0.1276	16.18
0.1277	16.14
0.1278	16.14
0.1279	16.18
0.128	16.14
0.1281	16.28
0.1282	16.28
0.1283	16.14
0.1284	16.14
0.1285	16.14
0.1286	16.23
0.1287	16.18
0.1288	16.23
0.1289	16.23
0.129	16.09
0.1291	16.18
0.1292	16.28
0.1293	16.14
0.1294	16.23
0.1295	16.28
0.1296	16.09
0.1297	16.14
0.1298	16.23
0.1299	16.14
0.13	16.18
0.1301	16.14
0.1302	16.18
0.1303	16.18
0.1304	16.18
0.1305	16.14
0.1306	16.18
0.1307	16.09
0.1308	16.00
0.1309	16.14
0.131	16.04
0.1311	16.09
0.1312	16.14
0.1313	16.18
0.1314	16.00
0.1315	16.09
0.1316	16.14
0.1317	16.14
0.1318	16.14
0.1319	16.14
0.132	16.18
0.1321	16.09
0.1322	16.09
0.1323	16.14
0.1324	16.09
0.1325	16.09
0.1326	16.09
0.1327	16.23
0.1328	16.18
0.1329	16.14
0.133	16.28
0.1331	16.28
0.1332	16.23
0.1333	16.18
0.1334	16.14
0.1335	16.23
0.1336	16.09
0.1337	16.28
0.1338	16.14
0.1339	16.28
0.134	16.18
0.1341	16.14
0.1342	16.14
0.1343	16.04
0.1344	16.18
0.1345	16.23
0.1346	16.23
0.1347	16.09
0.1348	16.18
0.1349	16.09
0.135	16.09
0.1351	16.04
0.1352	16.23
0.1353	16.23
0.1354	16.14
0.1355	16.28
0.1356	16.18
0.1357	16.14
0.1358	16.09
0.1359	16.14
0.136	16.04
0.1361	16.04
0.1362	16.14
0.1363	16.09
0.1364	16.14
0.1365	16.09
0.1366	15.95
0.1367	16.18
0.1368	16.09
0.1369	16.09
0.137	16.09
0.1371	16.14
0.1372	16.14
0.1373	16.14
0.1374	16.04
0.1375	16.14
0.1376	16.14
0.1377	16.09
0.1378	16.09
0.1379	16.09
0.138	16.28
0.1381	16.18
0.1382	16.09
0.1383	16.18
0.1384	16.23
0.1385	16.09
0.1386	16.09
0.1387	16.00
0.1388	16.04
0.1389	16.09
0.139	16.14
0.1391	15.95
0.1392	16.23
0.1393	16.04
0.1394	16.18
0.1395	15.95
0.1396	16.09
0.1397	16.14
0.1398	16.00
0.1399	16.04
0.14	16.00
0.1401	16.09
0.1402	15.95
0.1403	16.09
0.1404	16.09
0.1405	16.04
0.1406	16.09
0.1407	16.09
0.1408	16.04
0.1409	16.18
0.141	16.00
0.1411	16.04
0.1412	16.14
0.1413	16.14
0.1414	16.14
0.1415	16.00
0.1416	15.95
0.1417	16.18
0.1418	16.09
0.1419	16.14
0.142	16.18
0.1421	16.09
0.1422	16.28
0.1423	16.04
0.1424	16.18
0.1425	16.18
0.1426	16.23
0.1427	16.23
0.1428	16.18
0.1429	16.18
0.143	16.14
0.1431	16.23
0.1432	16.09
0.1433	16.14
0.1434	16.14
0.1435	16.09
0.1436	16.18
0.1437	16.18
0.1438	16.28
0.1439	16.09
0.144	16.14
0.1441	16.04
0.1442	16.18
0.1443	16.09
0.1444	16.14
0.1445	16.28
0.1446	16.28
0.1447	16.09
0.1448	16.18
0.1449	16.09
0.145	16.14
0.1451	16.14
0.1452	16.04
0.1453	16.09
0.1454	16.14
0.1455	16.14
0.1456	16.14
0.1457	16.09
0.1458	16.09
0.1459	16.00
0.146	16.09
0.1461	16.18
0.1462	16.18
0.1463	16.18
0.1464	16.14
0.1465	16.09
0.1466	16.00
0.1467	16.18
0.1468	16.28
0.1469	16.14
0.147	16.28
0.1471	16.14
0.1472	16.18
0.1473	16.14
0.1474	16.28
0.1475	16.18
0.1476	16.14
0.1477	16.09
0.1478	16.23
0.1479	16.18
0.148	16.18
0.1481	16.23
0.1482	16.09
0.1483	16.18
0.1484	16.14
0.1485	16.18
0.1486	16.04
0.1487	16.18
0.1488	16.18
0.1489	16.14
0.149	16.04
0.1491	16.09
0.1492	16.14
0.1493	16.09
0.1494	16.18
0.1495	16.09
0.1496	16.09
0.1497	16.09
0.1498	16.28
0.1499	16.00
0.15	16.09
0.1501	16.00
0.1502	16.09
0.1503	16.14
0.1504	16.14
0.1505	16.18
0.1506	16.14
0.1507	16.09
0.1508	16.14
0.1509	16.14
0.151	16.14
0.1511	16.14
0.1512	16.18
0.1513	16.09
0.1514	16.18
0.1515	16.18
0.1516	16.23
0.1517	16.14
0.1518	16.09
0.1519	16.18
0.152	16.04
0.1521	16.09
0.1522	16.09
0.1523	16.04
0.1524	16.23
0.1525	16.28
0.1526	16.28
0.1527	16.04
0.1528	16.23
0.1529	16.09
0.153	16.14
0.1531	16.18
0.1532	16.00
0.1533	16.00
0.1534	16.23
0.1535	16.23
0.1536	16.23
0.1537	16.14
0.1538	16.18
0.1539	16.18
0.154	16.18
0.1541	16.09
0.1542	16.18
0.1543	16.18
0.1544	16.18
0.1545	16.18
0.1546	16.28
0.1547	16.28
0.1548	16.23
0.1549	16.23
0.155	16.18
0.1551	16.18
0.1552	16.37
0.1553	16.28
0.1554	16.28
0.1555	16.23
0.1556	16.28
0.1557	16.09
0.1558	16.18
0.1559	16.18
0.156	16.14
0.1561	16.18
0.1562	16.14
0.1563	16.14
0.1564	16.09
0.1565	16.09
0.1566	16.18
0.1567	16.23
0.1568	16.23
0.1569	16.18
0.157	16.23
0.1571	16.28
0.1572	16.18
0.1573	16.09
0.1574	16.09
0.1575	16.18
0.1576	16.09
0.1577	16.09
0.1578	16.14
0.1579	16.04
0.158	16.28
0.1581	16.14
0.1582	16.09
0.1583	16.09
0.1584	16.09
0.1585	16.04
0.1586	16.00
0.1587	16.14
0.1588	16.23
0.1589	16.04
0.159	16.14
0.1591	16.37
0.1592	16.09
0.1593	16.14
0.1594	16.23
0.1595	16.14
0.1596	16.09
0.1597	16.04
0.1598	16.14
0.1599	16.09
0.16	16.14
0.1601	16.09
0.1602	16.14
0.1603	16.09
0.1604	16.18
0.1605	16.09
0.1606	16.04
0.1607	16.04
0.1608	16.09
0.1609	16.18
0.161	16.14
0.1611	16.23
0.1612	16.09
0.1613	16.09
0.1614	16.09
0.1615	16.09
0.1616	16.04
0.1617	16.04
0.1618	16.18
0.1619	16.18
0.162	16.14
0.1621	16.23
0.1622	16.23
0.1623	16.18
0.1624	16.18
0.1625	16.23
0.1626	16.23
0.1627	16.14
0.1628	16.23
0.1629	16.23
0.163	16.28
0.1631	16.28
0.1632	16.09
0.1633	16.18
0.1634	16.09
0.1635	16.14
0.1636	16.28
0.1637	16.14
0.1638	16.14
0.1639	16.09
0.164	16.23
0.1641	16.18
0.1642	16.18
0.1643	16.23
0.1644	16.14
0.1645	16.14
0.1646	16.18
0.1647	16.18
0.1648	16.18
0.1649	16.18
0.165	16.14
0.1651	16.09
0.1652	16.18
0.1653	16.14
0.1654	16.04
0.1655	15.95
0.1656	16.09
0.1657	16.14
0.1658	16.23
0.1659	16.23
0.166	16.18
0.1661	16.09
0.1662	16.28
0.1663	16.33
0.1664	16.14
0.1665	16.23
0.1666	16.18
0.1667	16.18
0.1668	16.23
0.1669	16.09
0.167	16.28
0.1671	16.18
0.1672	16.14
0.1673	16.18
0.1674	16.14
0.1675	16.18
0.1676	16.23
0.1677	16.18
0.1678	16.23
0.1679	16.18
0.168	16.14
0.1681	16.18
0.1682	16.14
0.1683	16.23
0.1684	16.28
0.1685	16.23
0.1686	16.23
0.1687	16.18
0.1688	16.14
0.1689	16.09
0.169	16.09
0.1691	16.28
0.1692	16.14
0.1693	16.18
0.1694	16.18
0.1695	16.14
0.1696	16.04
0.1697	16.18
0.1698	16.28
0.1699	16.28
0.17	16.14
0.1701	16.14
0.1702	16.14
0.1703	16.28
0.1704	16.14
0.1705	16.04
0.1706	16.23
0.1707	16.18
0.1708	16.14
0.1709	16.18
0.171	16.00
0.1711	16.18
0.1712	16.14
0.1713	16.09
0.1714	16.04
0.1715	16.14
0.1716	16.09
0.1717	16.14
0.1718	16.14
0.1719	16.23
0.172	16.09
0.1721	16.09
0.1722	16.04
0.1723	16.18
0.1724	16.28
0.1725	16.28
0.1726	16.23
0.1727	16.28
0.1728	16.33
0.1729	16.23
0.173	16.18
0.1731	16.23
0.1732	16.23
0.1733	16.18
0.1734	16.18
0.1735	16.23
0.1736	16.18
0.1737	16.23
0.1738	16.23
0.1739	16.14
0.174	16.18
0.1741	16.09
0.1742	16.09
0.1743	16.18
0.1744	16.14
0.1745	16.28
0.1746	16.14
0.1747	16.14
0.1748	16.23
0.1749	16.33
0.175	16.28
0.1751	16.09
0.1752	16.28
0.1753	16.18
0.1754	16.28
0.1755	16.18
0.1756	16.28
0.1757	16.14
0.1758	16.09
0.1759	16.18
0.176	16.33
0.1761	16.23
0.1762	16.23
0.1763	16.18
0.1764	16.09
0.1765	16.14
0.1766	16.18
0.1767	16.18
0.1768	16.23
0.1769	16.28
0.177	16.18
0.1771	16.23
0.1772	16.09
0.1773	16.23
0.1774	16.14
0.1775	16.18
0.1776	16.14
0.1777	16.23
0.1778	16.09
0.1779	16.23
0.178	16.23
0.1781	16.09
0.1782	16.09
0.1783	16.09
0.1784	16.04
0.1785	16.04
0.1786	16.28
0.1787	16.14
0.1788	16.18
0.1789	16.00
0.179	16.14
0.1791	16.14
0.1792	16.14
0.1793	16.14
0.1794	16.09
0.1795	16.09
0.1796	16.14
0.1797	16.09
0.1798	16.18
0.1799	16.09
0.18	16.09
0.1801	16.09
0.1802	16.14
0.1803	16.09
0.1804	16.18
0.1805	16.14
0.1806	16.04
0.1807	16.09
0.1808	16.09
0.1809	16.09
0.181	16.14
0.1811	16.04
0.1812	16.09
0.1813	16.00
0.1814	16.04
0.1815	16.14
0.1816	16.14
0.1817	16.09
0.1818	16.09
0.1819	16.09
0.182	16.23
0.1821	16.18
0.1822	16.18
0.1823	16.14
0.1824	16.14
0.1825	16.18
0.1826	16.14
0.1827	16.09
0.1828	16.23
0.1829	16.28
0.183	16.18
0.1831	16.23
0.1832	16.23
0.1833	16.09
0.1834	16.09
0.1835	16.04
0.1836	16.14
0.1837	16.23
0.1838	16.14
0.1839	16.14
0.184	16.04
0.1841	16.23
0.1842	16.18
0.1843	16.09
0.1844	16.04
0.1845	16.14
0.1846	16.14
0.1847	16.09
0.1848	16.00
0.1849	16.09
0.185	16.00
0.1851	16.18
0.1852	16.14
0.1853	16.04
0.1854	15.90
0.1855	16.04
0.1856	16.14
0.1857	16.09
0.1858	16.04
0.1859	16.04
0.186	16.28
0.1861	16.28
0.1862	16.00
0.1863	16.00
0.1864	16.09
0.1865	16.09
0.1866	16.00
0.1867	16.14
0.1868	16.09
0.1869	16.09
0.187	16.14
0.1871	16.14
0.1872	16.09
0.1873	16.04
0.1874	16.00
0.1875	16.04
0.1876	16.00
0.1877	16.00
0.1878	16.04
0.1879	16.09
0.188	16.00
0.1881	15.95
0.1882	16.09
0.1883	15.95
0.1884	16.14
0.1885	16.09
0.1886	16.09
0.1887	16.00
0.1888	15.95
0.1889	15.95
0.189	16.00
0.1891	16.04
0.1892	15.85
0.1893	16.00
0.1894	16.00
0.1895	16.04
0.1896	15.95
0.1897	16.00
0.1898	16.00
0.1899	15.95
0.19	15.95
0.1901	16.04
0.1902	16.00
0.1903	16.00
0.1904	15.85
0.1905	16.00
0.1906	16.00
0.1907	16.00
0.1908	16.00
0.1909	15.90
0.191	16.04
0.1911	16.04
0.1912	16.04
0.1913	15.95
0.1914	16.14
0.1915	15.95
0.1916	16.09
0.1917	16.09
0.1918	16.00
0.1919	16.04
0.192	16.09
0.1921	15.90
0.1922	16.04
0.1923	16.00
0.1924	16.00
0.1925	16.09
0.1926	15.90
0.1927	16.09
0.1928	16.09
0.1929	16.00
0.193	16.00
0.1931	16.09
0.1932	16.09
0.1933	16.09
0.1934	16.04
0.1935	16.00
0.1936	16.04
0.1937	15.95
0.1938	16.09
0.1939	16.09
0.194	16.00
0.1941	16.04
0.1942	16.09
0.1943	16.18
0.1944	16.09
0.1945	16.00
0.1946	16.18
0.1947	16.14
0.1948	16.18
0.1949	16.04
0.195	16.09
0.1951	16.18
0.1952	16.04
0.1953	16.18
0.1954	16.09
0.1955	16.23
0.1956	16.09
0.1957	16.23
0.1958	16.18
0.1959	16.09
0.196	16.18
0.1961	15.95
0.1962	16.09
0.1963	16.09
0.1964	16.14
0.1965	16.09
0.1966	16.14
0.1967	16.14
0.1968	16.00
0.1969	16.04
0.197	16.09
0.1971	16.00
0.1972	16.23
0.1973	16.00
0.1974	16.09
0.1975	16.00
0.1976	16.00
0.1977	16.00
0.1978	16.14
0.1979	16.14
0.198	16.18
0.1981	16.00
0.1982	16.00
0.1983	16.09
0.1984	16.14
0.1985	16.14
0.1986	16.14
0.1987	16.18
0.1988	16.28
0.1989	16.04
0.199	16.09
0.1991	16.04
0.1992	16.09
0.1993	16.09
0.1994	16.09
0.1995	16.09
0.1996	16.23
0.1997	16.09
0.1998	16.09
0.1999	16.09
0.2	16.18
0.2001	16.00
0.2002	16.09
0.2003	16.18
0.2004	16.00
0.2005	16.14
0.2006	16.14
0.2007	16.00
0.2008	16.09
0.2009	16.09
0.201	16.09
0.2011	16.04
0.2012	16.00
0.2013	16.18
0.2014	16.04
0.2015	16.00
0.2016	16.09
0.2017	16.14
0.2018	16.14
0.2019	16.14
0.202	16.18
0.2021	16.33
0.2022	16.14
0.2023	16.28
0.2024	16.28
0.2025	16.18
0.2026	16.09
0.2027	16.18
0.2028	16.18
0.2029	16.18
0.203	16.14
0.2031	16.23
0.2032	16.18
0.2033	16.09
0.2034	16.09
0.2035	16.18
0.2036	16.28
0.2037	16.04
0.2038	16.14
0.2039	16.00
0.204	16.09
0.2041	16.18
0.2042	16.09
0.2043	16.23
0.2044	16.28
0.2045	16.09
0.2046	16.14
0.2047	16.09
0.2048	16.18
0.2049	16.18
0.205	16.09
0.2051	16.14
0.2052	16.09
0.2053	16.09
0.2054	16.04
0.2055	15.95
0.2056	16.09
0.2057	16.14
0.2058	16.28
0.2059	16.09
0.206	16.09
0.2061	16.14
0.2062	16.14
0.2063	16.09
0.2064	16.23
0.2065	16.14
0.2066	16.09
0.2067	16.14
0.2068	16.00
0.2069	16.04
0.207	16.14
0.2071	16.04
0.2072	16.04
0.2073	16.23
0.2074	16.09
0.2075	16.23
0.2076	16.09
0.2077	16.09
0.2078	16.00
0.2079	16.09
0.208	16.04
0.2081	16.14
0.2082	16.04
0.2083	16.00
0.2084	15.95
0.2085	16.04
0.2086	16.00
0.2087	16.04
0.2088	16.14
0.2089	16.14
0.209	16.04
0.2091	16.09
0.2092	16.04
0.2093	16.09
0.2094	16.09
0.2095	16.04
0.2096	16.18
0.2097	16.09
0.2098	16.09
0.2099	16.04
0.21	15.95
0.2101	16.00
0.2102	16.09
0.2103	15.90
0.2104	16.18
0.2105	16.18
0.2106	16.14
0.2107	16.04
0.2108	16.04
0.2109	15.95
0.211	16.00
0.2111	16.04
0.2112	16.04
0.2113	16.09
0.2114	16.18
0.2115	15.95
0.2116	16.00
0.2117	16.09
0.2118	16.00
0.2119	16.00
0.212	15.95
0.2121	16.00
0.2122	15.95
0.2123	15.90
0.2124	15.90
0.2125	15.90
0.2126	15.95
0.2127	16.14
0.2128	16.14
0.2129	16.04
0.213	16.09
0.2131	16.14
0.2132	16.14
0.2133	16.00
0.2134	16.14
0.2135	16.14
0.2136	16.23
0.2137	16.04
0.2138	16.09
0.2139	16.14
0.214	16.23
0.2141	16.23
0.2142	16.09
0.2143	16.00
0.2144	16.09
0.2145	16.23
0.2146	16.04
0.2147	16.18
0.2148	16.09
0.2149	16.23
0.215	16.09
0.2151	16.14
0.2152	16.14
0.2153	16.18
0.2154	16.28
0.2155	16.18
0.2156	16.14
0.2157	16.14
0.2158	16.14
0.2159	16.09
0.216	16.09
0.2161	16.00
0.2162	16.18
0.2163	16.09
0.2164	16.18
0.2165	16.09
0.2166	16.09
0.2167	16.04
0.2168	16.09
0.2169	16.00
0.217	16.18
0.2171	16.14
0.2172	16.18
0.2173	16.09
0.2174	16.14
0.2175	16.23
0.2176	16.14
0.2177	16.09
0.2178	16.14
0.2179	16.18
0.218	16.28
0.2181	16.18
0.2182	16.00
0.2183	16.23
0.2184	16.00
0.2185	16.18
0.2186	16.09
0.2187	16.14
0.2188	16.14
0.2189	16.09
0.219	16.14
0.2191	16.09
0.2192	16.18
0.2193	16.09
0.2194	16.09
0.2195	16.09
0.2196	16.14
0.2197	16.00
0.2198	16.18
0.2199	16.09
0.22	16.09
0.2201	16.09
0.2202	16.09
0.2203	16.00
0.2204	16.09
0.2205	16.14
0.2206	16.09
0.2207	16.09
0.2208	16.00
0.2209	16.09
0.221	16.00
0.2211	16.09
0.2212	15.95
0.2213	16.09
0.2214	16.09
0.2215	16.09
0.2216	16.14
0.2217	16.09
0.2218	16.00
0.2219	16.00
0.222	16.18
0.2221	16.14
0.2222	16.23
0.2223	16.18
0.2224	16.18
0.2225	16.09
0.2226	16.00
0.2227	16.09
0.2228	16.18
0.2229	16.09
0.223	16.04
0.2231	16.04
0.2232	16.14
0.2233	16.23
0.2234	16.28
0.2235	16.09
0.2236	16.04
0.2237	16.04
0.2238	16.04
0.2239	16.18
0.224	16.09
0.2241	16.18
0.2242	15.95
0.2243	16.09
0.2244	16.18
0.2245	16.09
0.2246	16.14
0.2247	16.00
0.2248	16.04
0.2249	16.14
0.225	16.04
0.2251	16.14
0.2252	16.04
0.2253	15.95
0.2254	16.09
0.2255	15.85
0.2256	16.09
0.2257	16.09
0.2258	16.04
0.2259	16.09
0.226	16.23
0.2261	16.04
0.2262	16.18
0.2263	16.04
0.2264	16.04
0.2265	16.14
0.2266	16.09
0.2267	16.09
0.2268	15.95
0.2269	16.14
0.227	16.09
0.2271	16.00
0.2272	16.04
0.2273	15.95
0.2274	16.00
0.2275	16.09
0.2276	16.09
0.2277	16.04
0.2278	16.09
0.2279	16.00
0.228	16.00
0.2281	16.18
0.2282	16.04
0.2283	15.95
0.2284	16.14
0.2285	15.90
0.2286	16.00
0.2287	15.95
0.2288	16.04
0.2289	16.14
0.229	16.14
0.2291	16.04
0.2292	15.95
0.2293	16.00
0.2294	15.90
0.2295	16.04
0.2296	16.00
0.2297	16.00
0.2298	15.90
0.2299	16.00
0.23	16.00
0.2301	15.90
0.2302	15.95
0.2303	16.00
0.2304	15.95
0.2305	16.00
0.2306	16.04
0.2307	16.00
0.2308	15.90
0.2309	15.90
0.231	15.85
0.2311	16.09
0.2312	16.00
0.2313	16.00
0.2314	15.90
0.2315	16.00
0.2316	15.95
0.2317	16.00
0.2318	16.00
0.2319	15.95
0.232	15.90
0.2321	16.00
0.2322	15.95
0.2323	16.04
0.2324	16.00
0.2325	16.00
0.2326	15.81
0.2327	15.95
0.2328	16.00
0.2329	16.00
0.233	16.04
0.2331	15.90
0.2332	16.09
0.2333	16.09
0.2334	16.09
0.2335	15.95
0.2336	16.00
0.2337	15.90
0.2338	16.00
0.2339	15.95
0.234	16.04
0.2341	16.04
0.2342	16.00
0.2343	15.95
0.2344	15.90
0.2345	16.04
0.2346	16.00
0.2347	16.04
0.2348	16.04
0.2349	16.00
0.235	16.00
0.2351	16.09
0.2352	16.28
0.2353	16.04
0.2354	16.18
0.2355	16.09
0.2356	16.00
0.2357	16.04
0.2358	16.09
0.2359	15.90
0.236	16.00
0.2361	16.04
0.2362	16.09
0.2363	16.04
0.2364	16.04
0.2365	16.00
0.2366	16.09
0.2367	16.04
0.2368	16.00
0.2369	15.95
0.237	16.09
0.2371	16.00
0.2372	16.04
0.2373	16.09
0.2374	15.95
0.2375	16.09
0.2376	16.09
0.2377	16.00
0.2378	15.95
0.2379	16.04
0.238	15.95
0.2381	16.00
0.2382	16.04
0.2383	15.95
0.2384	15.90
0.2385	16.00
0.2386	16.00
0.2387	16.00
0.2388	16.00
0.2389	16.00
0.239	16.09
0.2391	16.04
0.2392	15.90
0.2393	16.00
0.2394	16.00
0.2395	16.04
0.2396	15.95
0.2397	15.95
0.2398	16.00
0.2399	16.00
0.24	15.95
0.2401	15.81
0.2402	15.90
0.2403	16.00
0.2404	15.90
0.2405	16.09
0.2406	15.95
0.2407	16.00
0.2408	15.85
0.2409	16.00
0.241	15.95
0.2411	16.00
0.2412	15.95
0.2413	15.95
0.2414	16.00
0.2415	16.04
0.2416	16.04
0.2417	16.04
0.2418	16.09
0.2419	15.90
0.242	16.09
0.2421	16.04
0.2422	16.00
0.2423	16.00
0.2424	16.00
0.2425	16.00
0.2426	16.09
0.2427	15.90
0.2428	16.04
0.2429	15.85
0.243	16.09
0.2431	15.95
0.2432	16.00
0.2433	15.95
0.2434	15.95
0.2435	15.95
0.2436	16.18
0.2437	16.00
0.2438	15.95
0.2439	16.09
0.244	16.04
0.2441	16.00
0.2442	16.00
0.2443	16.00
0.2444	16.00
0.2445	16.09
0.2446	16.04
0.2447	16.09
0.2448	16.00
0.2449	16.00
0.245	16.00
0.2451	15.85
0.2452	15.90
0.2453	15.90
0.2454	15.95
0.2455	15.81
0.2456	15.95
0.2457	16.09
0.2458	15.90
0.2459	15.95
0.246	15.90
0.2461	16.04
0.2462	16.00
0.2463	16.04
0.2464	16.00
0.2465	16.00
0.2466	15.85
0.2467	15.95
0.2468	16.00
0.2469	15.90
0.247	16.00
0.2471	16.04
0.2472	15.95
0.2473	15.85
0.2474	15.90
0.2475	15.81
0.2476	16.04
0.2477	15.90
0.2478	15.90
0.2479	16.00
0.248	15.95
0.2481	15.85
0.2482	15.81
0.2483	15.85
0.2484	15.90
0.2485	15.76
0.2486	15.85
0.2487	15.85
0.2488	15.95
0.2489	15.81
0.249	15.85
0.2491	15.85
0.2492	15.81
0.2493	15.71
0.2494	15.90
0.2495	15.81
0.2496	15.81
0.2497	15.85
0.2498	15.81
0.2499	15.81
0.25	15.71
0.2501	15.85
0.2502	15.71
0.2503	15.85
0.2504	15.81
0.2505	15.81
0.2506	15.85
0.2507	15.76
0.2508	15.95
0.2509	15.81
0.251	15.71
0.2511	15.81
0.2512	15.76
0.2513	15.85
0.2514	15.81
0.2515	15.71
0.2516	15.57
0.2517	15.66
0.2518	15.76
0.2519	15.81
0.252	15.76
0.2521	15.71
0.2522	15.66
0.2523	15.76
0.2524	15.71
0.2525	15.81
0.2526	15.71
0.2527	15.71
0.2528	15.66
0.2529	15.85
0.253	15.81
0.2531	15.76
0.2532	15.71
0.2533	15.71
0.2534	15.76
0.2535	15.76
0.2536	15.76
0.2537	15.81
0.2538	15.81
0.2539	15.81
0.254	15.81
0.2541	15.76
0.2542	15.90
0.2543	15.76
0.2544	15.85
0.2545	15.90
0.2546	15.90
0.2547	15.81
0.2548	15.57
0.2549	15.81
0.255	15.66
0.2551	15.90
0.2552	15.85
0.2553	15.81
0.2554	15.85
0.2555	15.81
0.2556	15.71
0.2557	15.71
0.2558	15.66
0.2559	15.71
0.256	15.71
0.2561	15.57
0.2562	15.71
0.2563	15.71
0.2564	15.62
0.2565	15.62
0.2566	15.71
0.2567	15.62
0.2568	15.66
0.2569	15.52
0.257	15.66
0.2571	15.71
0.2572	15.71
0.2573	15.71
0.2574	15.57
0.2575	15.62
0.2576	15.71
0.2577	15.62
0.2578	15.52
0.2579	15.57
0.258	15.57
0.2581	15.66
0.2582	15.76
0.2583	15.57
0.2584	15.62
0.2585	15.57
0.2586	15.57
0.2587	15.66
0.2588	15.57
0.2589	15.57
0.259	15.66
0.2591	15.47
0.2592	15.57
0.2593	15.47
0.2594	15.62
0.2595	15.62
0.2596	15.62
0.2597	15.43
0.2598	15.66
0.2599	15.47
0.26	15.57
0.2601	15.57
0.2602	15.57
0.2603	15.62
0.2604	15.52
0.2605	15.52
0.2606	15.57
0.2607	15.57
0.2608	15.52
0.2609	15.43
0.261	15.52
0.2611	15.57
0.2612	15.47
0.2613	15.62
0.2614	15.52
0.2615	15.52
0.2616	15.52
0.2617	15.52
0.2618	15.57
0.2619	15.62
0.262	15.57
0.2621	15.57
0.2622	15.52
0.2623	15.57
0.2624	15.43
0.2625	15.57
0.2626	15.57
0.2627	15.43
0.2628	15.47
0.2629	15.52
0.263	15.52
0.2631	15.52
0.2632	15.38
0.2633	15.52
0.2634	15.52
0.2635	15.52
0.2636	15.52
0.2637	15.47
0.2638	15.43
0.2639	15.57
0.264	15.47
0.2641	15.38
0.2642	15.47
0.2643	15.47
0.2644	15.38
0.2645	15.52
0.2646	15.52
0.2647	15.38
0.2648	15.52
0.2649	15.52
0.265	15.47
0.2651	15.47
0.2652	15.57
0.2653	15.47
0.2654	15.52
0.2655	15.43
0.2656	15.52
0.2657	15.47
0.2658	15.38
0.2659	15.52
0.266	15.38
0.2661	15.43
0.2662	15.62
0.2663	15.52
0.2664	15.52
0.2665	15.38
0.2666	15.43
0.2667	15.62
0.2668	15.52
0.2669	15.52
0.267	15.38
0.2671	15.52
0.2672	15.47
0.2673	15.43
0.2674	15.47
0.2675	15.47
0.2676	15.57
0.2677	15.52
0.2678	15.47
0.2679	15.52
0.268	15.43
0.2681	15.47
0.2682	15.52
0.2683	15.43
0.2684	15.52
0.2685	15.43
0.2686	15.52
0.2687	15.43
0.2688	15.43
0.2689	15.33
0.269	15.38
0.2691	15.38
0.2692	15.29
0.2693	15.38
0.2694	15.38
0.2695	15.43
0.2696	15.38
0.2697	15.43
0.2698	15.43
0.2699	15.38
0.27	15.38
0.2701	15.38
0.2702	15.43
0.2703	15.43
0.2704	15.43
0.2705	15.47
0.2706	15.38
0.2707	15.43
0.2708	15.38
0.2709	15.33
0.271	15.33
0.2711	15.33
0.2712	15.43
0.2713	15.29
0.2714	15.33
0.2715	15.29
0.2716	15.38
0.2717	15.29
0.2718	15.33
0.2719	15.38
0.272	15.33
0.2721	15.19
0.2722	15.33
0.2723	15.33
0.2724	15.29
0.2725	15.47
0.2726	15.33
0.2727	15.29
0.2728	15.38
0.2729	15.38
0.273	15.29
0.2731	15.29
0.2732	15.19
0.2733	15.29
0.2734	15.33
0.2735	15.24
0.2736	15.29
0.2737	15.38
0.2738	15.29
0.2739	15.33
0.274	15.24
0.2741	15.24
0.2742	15.29
0.2743	15.24
0.2744	15.38
0.2745	15.33
0.2746	15.33
0.2747	15.14
0.2748	15.24
0.2749	15.29
0.275	15.33
0.2751	15.29
0.2752	15.33
0.2753	15.38
0.2754	15.38
0.2755	15.24
0.2756	15.29
0.2757	15.14
0.2758	15.38
0.2759	15.24
0.276	15.24
0.2761	15.14
0.2762	15.19
0.2763	15.14
0.2764	15.24
0.2765	15.14
0.2766	15.14
0.2767	15.29
0.2768	15.19
0.2769	15.14
0.277	15.24
0.2771	15.24
0.2772	15.05
0.2773	15.19
0.2774	15.10
0.2775	15.14
0.2776	15.10
0.2777	15.05
0.2778	15.14
0.2779	15.05
0.278	15.05
0.2781	15.10
0.2782	15.14
0.2783	15.10
0.2784	15.00
0.2785	14.95
0.2786	15.00
0.2787	15.10
0.2788	15.00
0.2789	15.00
0.279	15.10
0.2791	15.00
0.2792	14.95
0.2793	15.05
0.2794	15.10
0.2795	15.00
0.2796	15.05
0.2797	14.91
0.2798	14.86
0.2799	15.00
0.28	14.95
0.2801	15.00
0.2802	14.76
0.2803	14.91
0.2804	14.81
0.2805	14.95
0.2806	14.95
0.2807	14.76
0.2808	14.91
0.2809	14.81
0.281	14.91
0.2811	14.76
0.2812	14.76
0.2813	14.76
0.2814	14.72
0.2815	14.81
0.2816	14.76
0.2817	14.67
0.2818	14.76
0.2819	14.81
0.282	14.86
0.2821	14.81
0.2822	14.81
0.2823	14.72
0.2824	14.58
0.2825	14.72
0.2826	14.76
0.2827	14.67
0.2828	14.67
0.2829	14.67
0.283	14.67
0.2831	14.72
0.2832	14.58
0.2833	14.72
0.2834	14.62
0.2835	14.67
0.2836	14.58
0.2837	14.72
0.2838	14.62
0.2839	14.58
0.284	14.48
0.2841	14.62
0.2842	14.58
0.2843	14.53
0.2844	14.58
0.2845	14.58
0.2846	14.58
0.2847	14.39
0.2848	14.48
0.2849	14.58
0.285	14.48
0.2851	14.62
0.2852	14.39
0.2853	14.43
0.2854	14.43
0.2855	14.43
0.2856	14.39
0.2857	14.48
0.2858	14.43
0.2859	14.48
0.286	14.34
0.2861	14.43
0.2862	14.43
0.2863	14.29
0.2864	14.43
0.2865	14.29
0.2866	14.29
0.2867	14.29
0.2868	14.39
0.2869	14.39
0.287	14.29
0.2871	14.29
0.2872	14.29
0.2873	14.24
0.2874	14.29
0.2875	14.20
0.2876	14.10
0.2877	14.15
0.2878	14.20
0.2879	14.10
0.288	14.20
0.2881	14.06
0.2882	13.91
0.2883	14.15
0.2884	14.01
0.2885	13.91
0.2886	13.96
0.2887	13.91
0.2888	13.91
0.2889	13.96
0.289	13.96
0.2891	13.87
0.2892	13.77
0.2893	13.87
0.2894	14.01
0.2895	13.87
0.2896	13.91
0.2897	13.82
0.2898	13.72
0.2899	13.91
0.29	13.82
0.2901	13.77
0.2902	13.82
0.2903	13.68
0.2904	13.77
0.2905	13.58
0.2906	13.53
0.2907	13.53
0.2908	13.53
0.2909	13.53
0.291	13.63
0.2911	13.53
0.2912	13.53
0.2913	13.39
0.2914	13.25
0.2915	13.39
0.2916	13.25
0.2917	13.30
0.2918	13.25
0.2919	13.06
0.292	12.82
0.2921	12.45
0.2922	12.11
0.2923	3.83
