0	1.36
0.01	2.544
0.02	3.808
0.03	9.792
0.04	14.416
0.05	18.768
0.06	22.576
0.07	28.016
0.08	34.272
0.09	38.352
0.1	43.248
0.11	48.416
0.12	54.128
0.13	59.568
0.14	65.552
0.15	70.992
0.16	77.248
0.17	82.96
0.18	89.488
0.19	94.656
0.2	101.456
0.21	109.072
0.22	115.328
0.23	122.128
0.24	128.112
0.25	133.824
0.26	139.536
0.27	145.52
0.28	152.32
0.29	156.4
0.3	160.752
0.31	167.008
0.32	172.448
0.33	177.888
0.34	183.328
0.35	189.312
0.36	194.48
0.37	200.464
0.38	205.36
0.39	211.344
0.4	216.24
0.41	221.68
0.42	229.84
0.43	234.192
0.44	240.992
0.45	248.064
0.46	253.776
0.47	261.12
0.48	268.192
0.49	273.904
0.5	281.52
0.51	287.776
0.52	294.848
0.53	301.648
0.54	307.36
0.55	313.072
0.56	319.328
0.57	323.68
0.58	328.032
0.59	333.472
0.6	337.552
0.61	342.448
0.62	345.712
0.63	349.52
0.64	354.416
0.65	359.04
0.66	363.664
0.67	368.56
0.68	373.456
0.69	378.352
0.7	382.432
0.71	387.328
0.72	391.136
0.73	396.576
0.74	401.472
0.75	407.728
0.76	410.72
0.77	416.976
0.78	422.144
0.79	426.768
0.8	432.752
0.81	437.376
0.82	442.544
0.83	445.808
0.84	450.432
0.85	456.144
0.86	458.864
0.87	461.584
0.88	464.304
0.89	467.296
0.9	470.288
0.91	472.192
0.92	474.64
0.93	477.088
0.94	479.808
0.95	482.528
0.96	484.432
0.97	488.24
0.98	490.96
0.99	493.68
1	495.584
1.01	498.304
1.02	501.296
1.03	504.288
1.04	508.912
1.05	510.544
1.06	513.536
1.07	517.344
1.08	520.608
1.09	524.416
1.1	525.776
1.11	528.224
1.12	530.672
1.13	533.936
1.14	536.112
1.15	536.928
1.16	538.288
1.17	539.92
1.18	541.28
1.19	542.912
1.2	543.184
1.21	544
1.22	544.544
1.23	545.904
1.24	545.904
1.25	546.72
1.26	546.992
1.27	548.624
1.28	549.712
1.29	549.712
1.3	549.984
1.31	550.528
1.32	551.344
1.33	553.792
1.34	553.792
1.35	555.152
1.36	555.424
1.37	557.6
1.38	558.416
1.39	558.96
1.4	559.776
1.41	559.504
1.42	560.864
1.43	561.408
1.44	560.592
1.45	560.048
1.46	560.048
1.47	560.32
1.48	558.144
1.49	557.328
1.5	556.24
1.51	555.696
1.52	554.88
1.53	553.52
1.54	553.792
1.55	552.432
1.56	551.888
1.57	550.8
1.58	549.44
1.59	548.624
1.6	547.808
1.61	547.536
1.62	545.904
1.63	545.36
1.64	544.816
1.65	544.272
1.66	543.456
1.67	543.728
1.68	541.552
1.69	540.192
1.7	538.56
1.71	538.288
1.72	535.568
1.73	533.664
1.74	531.216
1.75	528.496
1.76	526.864
1.77	522.784
1.78	520.064
1.79	518.16
1.8	515.712
1.81	512.72
1.82	510
1.83	507.552
1.84	505.648
1.85	503.744
1.86	502.384
1.87	501.024
1.88	499.12
1.89	497.488
1.9	496.944
1.91	494.768
1.92	493.68
1.93	491.776
1.94	490.96
1.95	491.504
1.96	489.328
1.97	487.696
1.98	486.064
1.99	483.344
2	483.072
2.01	480.08
2.02	477.088
2.03	475.184
2.04	472.192
2.05	469.744
2.06	466.48
2.07	463.76
2.08	459.952
2.09	455.872
2.1	452.064
2.11	446.896
2.12	442.272
2.13	437.376
2.14	432.752
2.15	427.312
2.16	421.872
2.17	416.704
2.18	411.536
2.19	407.184
2.2	401.472
2.21	397.392
2.22	393.04
2.23	388.416
2.24	385.968
2.25	381.888
2.26	376.992
2.27	374.272
2.28	370.736
2.29	368.832
2.3	365.296
2.31	358.768
2.32	352.784
2.33	350.064
2.34	346.528
2.35	341.632
2.36	337.008
2.37	334.832
2.38	331.84
2.39	329.392
2.4	326.4
2.41	323.136
2.42	320.688
2.43	318.24
2.44	315.248
2.45	313.072
2.46	310.08
2.47	307.904
2.48	306.544
2.49	304.096
2.5	301.92
2.51	300.288
2.52	298.928
2.53	298.384
2.54	297.024
2.55	295.936
2.56	294.848
2.57	294.304
2.58	294.576
2.59	293.216
2.6	292.672
2.61	291.856
2.62	292.4
2.63	292.4
2.64	291.584
2.65	290.768
2.66	290.496
2.67	291.04
2.68	291.312
2.69	290.224
2.7	289.408
2.71	289.136
2.72	289.68
2.73	286.96
2.74	286.688
2.75	285.872
2.76	283.696
2.77	283.968
2.78	282.608
2.79	280.16
2.8	278.8
2.81	277.984
2.82	276.896
2.83	276.08
2.84	275.808
2.85	275.264
2.86	274.176
2.87	274.176
2.88	272.816
2.89	272.272
2.9	272.544
2.91	272.816
2.92	272.272
2.93	271.728
2.94	271.184
2.95	271.456
2.96	271.728
2.97	271.456
2.98	271.456
2.99	270.64
3	271.728
3.01	270.64
3.02	263.024
3.03	262.208
3.04	260.032
3.05	258.672
3.06	256.768
3.07	254.864
3.08	252.416
3.09	251.056
3.1	249.968
3.11	248.064
3.12	246.704
3.13	245.888
3.14	244.528
3.15	245.072
3.16	243.984
3.17	243.44
3.18	243.168
3.19	242.896
3.2	243.984
3.21	242.624
3.22	241.536
3.23	242.08
3.24	242.352
3.25	243.168
3.26	242.896
3.27	243.44
3.28	243.168
3.29	243.44
3.3	243.984
3.31	243.168
3.32	242.624
3.33	242.624
3.34	242.896
3.35	241.264
3.36	240.448
3.37	239.36
3.38	238
3.39	238
3.4	236.64
3.41	235.824
3.42	235.824
3.43	234.736
3.44	234.464
3.45	233.376
3.46	233.376
3.47	232.016
3.48	232.832
3.49	233.648
3.5	231.744
3.51	231.744
3.52	231.744
3.53	231.744
3.54	232.288
3.55	231.2
3.56	231.744
3.57	231.2
3.58	231.472
3.59	230.928
3.6	231.472
3.61	230.656
3.62	229.296
3.63	229.84
3.64	228.208
3.65	227.392
3.66	227.12
3.67	225.76
3.68	226.576
3.69	224.944
3.7	222.768
3.71	221.68
3.72	221.136
3.73	221.136
3.74	220.048
3.75	219.776
3.76	219.232
3.77	219.504
3.78	218.688
3.79	218.144
3.8	218.416
3.81	217.328
3.82	217.872
3.83	218.416
3.84	217.6
3.85	218.96
3.86	217.6
3.87	219.504
3.88	217.6
3.89	217.328
3.9	206.992
3.91	180.608
3.92	159.392
3.93	135.728
3.94	123.76
3.95	118.048
3.96	116.416
3.97	112.88
3.98	112.88
3.99	112.608
4	111.52
4.01	111.792
4.02	110.704
4.03	108.8
4.04	107.984
4.05	108.528
4.06	108.528
4.07	107.44
4.08	106.352
4.09	105.536
4.1	106.624
4.11	105.808
4.12	106.352
4.13	106.352
4.14	105.536
4.15	106.352
4.16	106.896
4.17	107.168
4.18	106.624
4.19	106.896
4.2	107.44
4.21	107.712
4.22	107.712
4.23	107.168
4.24	107.712
4.25	108.528
4.26	108.528
4.27	107.984
4.28	107.712
4.29	107.984
4.3	107.712
4.31	107.44
4.32	106.624
4.33	105.536
4.34	105.264
4.35	105.264
4.36	103.36
4.37	103.36
4.38	102.544
4.39	101.456
4.4	102.272
4.41	101.184
4.42	100.096
4.43	99.552
4.44	99.008
4.45	99.552
4.46	98.736
4.47	97.104
4.48	97.648
4.49	98.192
4.5	96.56
4.51	97.376
4.52	97.376
4.53	97.104
4.54	97.648
4.55	98.192
4.56	97.648
4.57	97.92
4.58	97.92
4.59	98.736
4.6	97.648
4.61	97.648
4.62	96.56
4.63	96.832
4.64	96.832
4.65	95.472
4.66	95.2
4.67	94.656
4.68	94.384
4.69	94.384
4.7	92.48
4.71	92.208
4.72	92.208
4.73	91.936
4.74	90.304
4.75	90.576
4.76	90.576
4.77	90.304
4.78	90.304
4.79	90.304
4.8	90.032
4.81	90.304
4.82	89.216
4.83	90.576
4.84	89.488
4.85	89.488
4.86	89.488
4.87	90.576
4.88	90.848
4.89	90.032
4.9	90.032
4.91	89.488
4.92	90.032
4.93	90.032
4.94	88.672
4.95	87.856
4.96	87.312
4.97	87.312
4.98	87.04
4.99	85.408
5	85.136
5.01	83.776
5.02	85.136
5.03	83.776
5.04	84.048
5.05	83.232
5.06	82.416
5.07	83.776
5.08	82.96
5.09	82.688
5.1	81.872
5.11	81.872
5.12	81.872
5.13	81.6
5.14	82.416
5.15	81.872
5.16	82.96
5.17	83.232
5.18	82.416
5.19	82.688
5.2	82.144
5.21	81.872
5.22	82.144
5.23	81.872
5.24	81.6
5.25	81.328
5.26	81.328
5.27	79.696
5.28	80.24
5.29	78.608
5.3	78.88
5.31	79.424
5.32	77.52
5.33	76.704
5.34	76.704
5.35	76.16
5.36	76.704
5.37	75.888
5.38	75.616
5.39	75.344
5.4	75.344
5.41	75.888
5.42	75.072
5.43	74.8
5.44	74.256
5.45	75.344
5.46	74.8
5.47	74.8
5.48	74.528
5.49	75.072
5.5	76.976
5.51	74.256
5.52	74.8
5.53	74.256
5.54	74.528
5.55	73.712
5.56	72.896
5.57	73.44
5.58	72.896
5.59	72.08
5.6	71.536
5.61	70.448
5.62	70.176
5.63	69.36
5.64	69.632
5.65	68.816
5.66	69.088
5.67	68.272
5.68	67.456
5.69	68.272
5.7	68
5.71	67.456
5.72	67.456
5.73	67.456
5.74	67.728
5.75	67.728
5.76	67.728
5.77	66.912
5.78	67.456
5.79	68.544
5.8	67.456
5.81	67.184
5.82	66.368
5.83	67.184
5.84	67.184
5.85	66.64
5.86	66.096
5.87	65.552
5.88	65.008
5.89	65.008
5.9	64.192
5.91	63.648
5.92	63.376
5.93	62.832
5.94	62.832
5.95	61.2
5.96	61.472
5.97	60.928
5.98	61.744
5.99	59.84
6	60.656
6.01	61.2
6.02	60.384
6.03	62.016
6.04	60.384
6.05	59.84
6.06	60.656
6.07	60.384
6.08	61.2
6.09	60.384
6.1	59.568
6.11	59.296
6.12	53.856
